0.0
0.0
0.0
0.0
130.52896118164062
135.24124145507812
140.118896484375
143.8821563720703
148.2986602783203
153.64279174804688
154.21640014648438
150.37753295898438
0.0
0.0
0.0
0.0
0.0
176.19728088378906
173.98941040039062
172.55722045898438
172.147216796875
173.57696533203125
173.97857666015625
173.72532653808594
173.18710327148438
171.17640686035156
168.74449157714844
161.5291290283203
151.99588012695312
126.29837799072266
0.0
0.0 0.0 5.3077592849731445 0.4007994830608368
0.0 0.0 3.6786932945251465 0.25445103645324707
0.0 0.0 19.341157913208008 0.30634719133377075
0.0 0.0 165.26846313476562 0.21019941568374634
0.0 0.0 370.4899597167969 0.12567734718322754
0.0 0.0 266.2088317871094 0.6564002633094788
140.13613891601562 1.0 636.7055053710938 0.8200250267982483
139.9688262939453 1.0 1159.639404296875 0.932589590549469
139.90963745117188 1.0 1530.25390625 0.9494190216064453
139.4783172607422 1.0 1665.733642578125 0.8923876285552979
138.95834350585938 1.0 1681.1104736328125 0.7884390354156494
137.1151580810547 1.0 950.4000244140625 0.6821719408035278
137.03480529785156 1.0 450.9708251953125 0.4859284460544586
0.0 0.0 215.4279022216797 0.4430757164955139
0.0 0.0 101.01742553710938 0.4814566373825073
0.0 0.0 99.70650482177734 0.49188488721847534
0.0 0.0 35.95677185058594 0.7239780426025391
0.0 0.0 5.051985740661621 0.5779941082000732
0.0 0.0 138.84072875976562 0.35869646072387695
0.0 0.0 197.5663604736328 0.46592316031455994
118.56105041503906 1.0 394.2359924316406 0.6526737809181213
119.41876983642578 1.0 1207.9493408203125 0.7592587471008301
121.77208709716797 1.0 962.4100341796875 0.8333554863929749
123.24671173095703 1.0 995.3120727539062 0.9169057607650757
123.63031768798828 1.0 878.0325927734375 0.8188608884811401
119.83436584472656 1.0 658.8829345703125 0.7027660608291626
120.13465118408203 1.0 396.03265380859375 0.6576041579246521
0.0 0.0 118.66278076171875 0.340709924697876
0.0 0.0 44.6857795715332 0.040030162781476974
0.0 0.0 36.4764518737793 0.38615182042121887
0.0 0.0 24.622882843017578 0.0384410098195076
0.0 0.0 27.12494468688965 0.4120117723941803
0.0 0.0 299.6802062988281 0.10610076040029526
0.0 0.0 462.0221252441406 0.18692897260189056
0.0 0.0 1186.0828857421875 0.19994117319583893
0.0 0.0 652.4833374023438 0.36069706082344055
0.0 0.0 316.2293395996094 0.39198237657546997
128.61875915527344 1.0 421.0964660644531 0.634441077709198
123.08514404296875 1.0 617.0949096679688 0.8577262759208679
119.49716186523438 1.0 802.7567138671875 0.7797456979751587
114.37470245361328 1.0 1020.6942138671875 0.5359412431716919
112.1453628540039 1.0 1175.7847900390625 0.6867080330848694
106.67163848876953 1.0 1111.480712890625 0.5206810832023621
103.1485824584961 1.0 1004.7314453125 0.28342732787132263
97.32459259033203 1.0 970.0664672851562 0.3074719309806824
92.23450469970703 1.0 905.4805908203125 0.5948918461799622
91.60636138916016 1.0 663.9201049804688 0.6309807300567627
93.92479705810547 1.0 429.41754150390625 0.9063238501548767
93.37132263183594 1.0 306.2169189453125 0.7302846908569336
91.073486328125 1.0 238.81565856933594 0.8529072999954224
92.39020538330078 1.0 237.20623779296875 0.4983612895011902
0.0 0.0 193.2901153564453 0.4018133282661438
0.0 0.0 204.18606567382812 0.37216854095458984
0.0 0.0 156.1070556640625 0.34352394938468933
0.0 0.0 94.90259552001953 0.35510820150375366
0.0 0.0 95.76522064208984 0.3872436285018921
0.0 0.0 85.08863067626953 0.5034945011138916
0.0 0.0 94.42507934570312 0.6740232706069946
0.0 0.0 67.33500671386719 0.5248225331306458
0.0 0.0 28.748416900634766 0.3995525538921356
0.0 0.0 19.884403228759766 0.2980450391769409
0.0 0.0 9.253636360168457 0.30173131823539734
0.0 0.0 7.4173173904418945 0.3053057789802551
0.0 0.0 3.4255049228668213 0.0
0.0 0.0 3.095904588699341 0.0
